,0,1,2,3,4,5
0,0.96,0.96,1.1858823529411764,4.825,3.216666666666667,1.7
1,0.96,0.9600000000000001,1.1858823529411764,4.825,3.216666666666667,1.7
2,1.1858823529411764,1.1858823529411764,1.5285813148788931,4.903921568627451,3.3514705882352946,1.7019607843137257
3,4.825,4.825,4.903921568627451,12.199999999999998,7.208333333333333,1.7944444444444445
4,3.216666666666667,3.216666666666667,3.3514705882352946,7.208333333333333,7.3999999999999995,2.702777777777778
5,1.7,1.7,1.7019607843137257,1.7944444444444445,2.702777777777778,5.455555555555557
